45
32
165
189
36
198
88
183
59
190
127
76
1
78
30
29
136
55
13
56
99
14
178
117
93
125
65
164
197
170
143
142
50
166
89
146
8
180
155
105
116
91
12
72
95
151
139
159
113
192
154
144
147
167
73
86
75
179
191
40
58
33
104
28
87
27
63
42
26
66
3
31
148
80
15
100
124
23
94
98
70
107
85
140
20
47
10
21
64
39
48
120
44
123
173
35
195
157
46
68
174
153
133
41
49
199
162
61
103
6
131
149
114
152
51
196
163
97
111
17
132
38
176
158
83
122
108
9
129
57
188
22
24
110
184
62
77
4
150
74
102
126
79
177
134
52
156
160
112
171
115
193
5
34
181
37
84
194
172
2
96
118
90
168
135
130
141
175
200
137
67
109
182
169
161
54
7
25
185
18
119

60
82
187
101
